1487613854 100064447
2473534651 100064447
34507480 100064447
39633585 100064447
722927307996794880 100064447
23375688 100064447
21447363 1011414360
30888244 1011414360
3286004797 1011414360
34507480 1011414360
596487854 1011414360
722927307996794880 1011414360
23375688 1011414360
21447363 103012173
55117855 103012173
23375688 103012173
28217003 104032156
403245020 104032156
436292177 104032156
463429217 104032156
55117855 104032156
90003905 104032156
23375688 104032156
23375688 1069345146
1192886935 1097487396
1480917637 1097487396
1487613854 1097487396
173210133 1097487396
1906518020 1097487396
21447363 1097487396
2473534651 1097487396
3286004797 1097487396
34507480 1097487396
403245020 1097487396
415705490 1097487396
449067432 1097487396
541995607 1097487396
626446509 1097487396
631028104 1097487396
65675400 1097487396
722927307996794880 1097487396
23375688 1097487396
23375688 109943465
1480917637 1123385192
1487613854 1123385192
39633585 1123385192
403245020 1123385192
436292177 1123385192
722927307996794880 1123385192
23375688 1123385192
131207345 1192886935
1480917637 1192886935
1487613854 1192886935
2256819019 1192886935
3286004797 1192886935
34507480 1192886935
360697402 1192886935
415705490 1192886935
449067432 1192886935
626446509 1192886935
65675400 1192886935
715968341 1192886935
722927307996794880 1192886935
23375688 1192886935
1454673122 127373741
21447363 127373741
34507480 127373741
403245020 127373741
436292177 127373741
23375688 127373741
626446509 131207345
23375688 131207345
103012173 133475414
21447363 133475414
34507480 133475414
366329170 133475414
436292177 133475414
54391066 133475414
59652695 133475414
603972408 133475414
23375688 133475414
260543938 136082327
34507480 136082327
23375688 136082327
1487613854 1454673122
21447363 1454673122
30888244 1454673122
34507480 1454673122
372211203 1454673122
403245020 1454673122
423764980 1454673122
613055272 1454673122
23375688 1454673122
203303080 1480906910
23375688 1480906910
2473534651 1480917637
30888244 1480917637
3286004797 1480917637
415705490 1480917637
541995607 1480917637
722927307996794880 1480917637
23375688 1480917637
109943465 1487613854
1123385192 1487613854
1192886935 1487613854
173210133 1487613854
218989500 1487613854
2256819019 1487613854
2473534651 1487613854
30888244 1487613854
3286004797 1487613854
339297101 1487613854
360697402 1487613854
449067432 1487613854
47321124 1487613854
626446509 1487613854
722927307996794880 1487613854
870891288 1487613854
103012173 153026928
34507480 153026928
360697402 153026928
403245020 153026928
23375688 153026928
1487613854 159624725
603972408 159624725
722927307996794880 159624725
932960148 159624725
23375688 159624725
21447363 1678439168
34507480 1678439168
23375688 1678439168
1097487396 173210133
180505807 173210133
212313313 173210133
21447363 173210133
218989500 173210133
2473534651 173210133
34507480 173210133
403245020 173210133
23375688 173210133
1480917637 175697418
2473534651 175697418
30888244 175697418
3286004797 175697418
47321124 175697418
722927307996794880 175697418
23375688 175697418
1480917637 1838053880
1487613854 1838053880
21447363 1838053880
2473534651 1838053880
248427201 1838053880
3286004797 1838053880
34507480 1838053880
722927307996794880 1838053880
23375688 1838053880
1097487396 1906518020
55117855 1906518020
23375688 1906518020
260543938 192271429
28217003 192271429
34507480 192271429
463429217 192271429
522490258 192271429
59652695 192271429
603972408 192271429
23375688 192271429
3286004797 203303080
415705490 203303080
23375688 203303080
1487613854 210427705
21447363 210427705
23375688 210427705
173210133 212313313
21447363 212313313
436292177 212313313
65675400 212313313
23375688 212313313
103012173 21447363
34507480 21447363
23375688 21447363
1480917637 218989500
1487613854 218989500
173210133 218989500
175697418 218989500
2334391406 218989500
2473534651 218989500
248427201 218989500
289962559 218989500
3286004797 218989500
415705490 218989500
436292177 218989500
47321124 218989500
631028104 218989500
65675400 218989500
722927307996794880 218989500
932960148 218989500
23375688 218989500
1192886935 2256819019
1487613854 2256819019
34507480 2256819019
626446509 2256819019
722927307996794880 2256819019
72309604 2256819019
932960148 2256819019
23375688 2256819019
1480917637 230460225
1487613854 230460225
248427201 230460225
3286004797 230460225
415705490 230460225
535032783 230460225
23375688 230460225
103012173 23148595
173210133 23148595
21447363 23148595
34507480 23148595
39897857 23148595
403245020 23148595
436292177 23148595
443215941 23148595
475361596 23148595
541995607 23148595
55117855 23148595
59652695 23148595
603972408 23148595
23375688 23148595
1480917637 2334391406
218989500 2334391406
248427201 2334391406
3286004797 2334391406
34507480 2334391406
722927307996794880 2334391406
23375688 2334391406
103012173 2473534651
1487613854 2473534651
173210133 2473534651
218989500 2473534651
248427201 2473534651
289962559 2473534651
34507480 2473534651
403245020 2473534651
415705490 2473534651
436292177 2473534651
449067432 2473534651
47321124 2473534651
65675400 2473534651
932960148 2473534651
23375688 2473534651
260543938 247891465
34507480 247891465
403245020 247891465
23375688 247891465
1480917637 248427201
1487613854 248427201
1838053880 248427201
218989500 248427201
230460225 248427201
2334391406 248427201
2473534651 248427201
289962559 248427201
3286004797 248427201
415705490 248427201
65675400 248427201
722927307996794880 248427201
23375688 248427201
136082327 260543938
192271429 260543938
247891465 260543938
34507480 260543938
403245020 260543938
463429217 260543938
59652695 260543938
23375688 260543938
21447363 277208115
3286004797 277208115
34507480 277208115
23375688 277208115
1487613854 2793625865
3286004797 2793625865
34507480 2793625865
39633585 2793625865
722927307996794880 2793625865
785889619 2793625865
23375688 2793625865
104032156 28217003
173210133 28217003
192271429 28217003
21447363 28217003
34507480 28217003
403245020 28217003
475361596 28217003
59652695 28217003
603972408 28217003
777062886 28217003
79632621 28217003
90003905 28217003
23375688 28217003
218989500 289962559
2473534651 289962559
248427201 289962559
3286004797 289962559
34507480 289962559
415705490 289962559
631028104 289962559
932960148 289962559
23375688 289962559
180505807 30888244
297074078 30888244
449067432 30888244
23375688 30888244
1480917637 3286004797
1487613854 3286004797
218989500 3286004797
248427201 3286004797
289962559 3286004797
30888244 3286004797
407059686 3286004797
415705490 3286004797
449067432 3286004797
722927307996794880 3286004797
23375688 3286004797
449067432 331255023
535032783 331255023
1480917637 339297101
1487613854 339297101
3286004797 339297101
34507480 339297101
932960148 339297101
23375688 339297101
407059686 34507480
444265201 34507480
631028104 34507480
23375688 34507480
1192886935 360697402
1487613854 360697402
3286004797 360697402
34507480 360697402
415705490 360697402
23375688 360697402
104032156 366329170
133475414 366329170
21447363 366329170
28217003 366329170
475361596 366329170
59652695 366329170
603972408 366329170
23375688 366329170
34507480 369726455
23375688 369726455
1480917637 372211203
153026928 372211203
203303080 372211203
218989500 372211203
360697402 372211203
870891288 372211203
961016988 372211203
23375688 372211203
180505807 39633585
23375688 39633585
23148595 39897857
28217003 39897857
30888244 39897857
3286004797 39897857
722927307996794880 39897857
23375688 39897857
596487854 403245020
23375688 403245020
34507480 407059686
23375688 407059686
21447363 409089366
23375688 409089366
1192886935 415705490
1480917637 415705490
218989500 415705490
230460225 415705490
2473534651 415705490
248427201 415705490
289962559 415705490
30888244 415705490
3286004797 415705490
34507480 415705490
436292177 415705490
47321124 415705490
55117855 415705490
595165398 415705490
631028104 415705490
65675400 415705490
722927307996794880 415705490
72309604 415705490
932960148 415705490
23375688 415705490
1454673122 423764980
159624725 423764980
21447363 423764980
339297101 423764980
34507480 423764980
403245020 423764980
444265201 423764980
595165398 423764980
603972408 423764980
613055272 423764980
23375688 423764980
180505807 436292177
21447363 436292177
443215941 436292177
55117855 436292177
88749392 436292177
436292177 443215941
55117855 443215941
88749392 443215941
23375688 443215941
34507480 444265201
470726997 444265201
23375688 444265201
23375688 448229520
3286004797 449067432
415705490 449067432
932960148 449067432
104032156 463429217
192271429 463429217
260543938 463429217
34507480 463429217
470726997 463429217
54391066 463429217
59652695 463429217
603972408 463429217
90003905 463429217
23375688 463429217
1487613854 470726997
159624725 470726997
34507480 470726997
444265201 470726997
463429217 470726997
475361596 470726997
54391066 470726997
741911683 470726997
23375688 470726997
1480917637 47321124
1487613854 47321124
173210133 47321124
175697418 47321124
212313313 47321124
21447363 47321124
218989500 47321124
2473534651 47321124
30888244 47321124
3286004797 47321124
415705490 47321124
436292177 47321124
541995607 47321124
55117855 47321124
65675400 47321124
722927307996794880 47321124
72309604 47321124
23375688 47321124
23148595 475361596
34507480 475361596
366329170 475361596
470726997 475361596
23375688 475361596
34507480 478035536
23375688 478035536
218989500 511281887
34507480 511281887
403245020 511281887
23375688 511281887
1069345146 522490258
192271429 522490258
589992676 522490258
59652695 522490258
603972408 522490258
21447363 53194352
34507480 53194352
436292177 53194352
23375688 53194352
1487613854 535032783
230460225 535032783
331255023 535032783
23375688 535032783
1480917637 541995607
2473534651 541995607
3286004797 541995607
722927307996794880 541995607
23375688 541995607
133475414 54391066
21447363 54391066
34507480 54391066
403245020 54391066
463429217 54391066
470726997 54391066
59652695 54391066
603972408 54391066
23375688 54391066
103012173 543941938
1480917637 543941938
3286004797 543941938
23375688 543941938
21447363 55117855
34507480 55117855
39633585 55117855
436292177 55117855
443215941 55117855
88749392 55117855
23375688 55117855
21447363 55866518
34507480 55866518
415705490 55866518
23375688 55866518
230460225 566984750
289962559 566984750
331255023 566984750
448229520 566984750
23375688 566984750
21447363 568448554
34507480 568448554
403245020 568448554
722927307996794880 568448554
23375688 568448554
34507480 589992676
436292177 589992676
443215941 589992676
23375688 589992676
34507480 595165398
415705490 595165398
23375688 595165398
34507480 596487854
403245020 596487854
23375688 596487854
103012173 59652695
192271429 59652695
21447363 59652695
23148595 59652695
260543938 59652695
28217003 59652695
34507480 59652695
366329170 59652695
403245020 59652695
463429217 59652695
522490258 59652695
23375688 59652695
127373741 603972408
133475414 603972408
159624725 603972408
192271429 603972408
21447363 603972408
23148595 603972408
28217003 603972408
289962559 603972408
34507480 603972408
366329170 603972408
444265201 603972408
463429217 603972408
522490258 603972408
59652695 603972408
622876568 603972408
777062886 603972408
23375688 603972408
1454673122 613055272
1487613854 613055272
159624725 613055272
173210133 613055272
203303080 613055272
21447363 613055272
23148595 613055272
248427201 613055272
28217003 613055272
339297101 613055272
34507480 613055272
403245020 613055272
423764980 613055272
444265201 613055272
449067432 613055272
470726997 613055272
870891288 613055272
961016988 613055272
23375688 613055272
34507480 622876568
415705490 622876568
23375688 622876568
1192886935 626446509
131207345 626446509
1480917637 626446509
1487613854 626446509
2256819019 626446509
2473534651 626446509
3286004797 626446509
541995607 626446509
722927307996794880 626446509
72309604 626446509
23375688 626446509
103012173 631028104
1097487396 631028104
1487613854 631028104
218989500 631028104
2473534651 631028104
289962559 631028104
3286004797 631028104
34507480 631028104
403245020 631028104
415705490 631028104
449067432 631028104
722927307996794880 631028104
932960148 631028104
23375688 631028104
23375688 635950546
103012173 65675400
1192886935 65675400
131207345 65675400
1480917637 65675400
1487613854 65675400
173210133 65675400
175697418 65675400
180505807 65675400
212313313 65675400
21447363 65675400
218989500 65675400
230460225 65675400
2473534651 65675400
248427201 65675400
289962559 65675400
30888244 65675400
3286004797 65675400
339297101 65675400
403245020 65675400
415705490 65675400
436292177 65675400
443215941 65675400
449067432 65675400
47321124 65675400
535032783 65675400
541995607 65675400
543941938 65675400
55117855 65675400
595165398 65675400
626446509 65675400
722927307996794880 65675400
72309604 65675400
932960148 65675400
23375688 65675400
1192886935 715968341
1480917637 715968341
3286004797 715968341
34507480 715968341
403245020 715968341
626446509 715968341
722927307996794880 715968341
72309604 715968341
875487103 715968341
23375688 715968341
3286004797 722927307996794880
23375688 722927307996794880
715968341 72309604
23375688 72309604
34507480 741911683
470726997 741911683
23375688 741911683
180505807 777062886
192271429 777062886
21447363 777062886
28217003 777062886
34507480 777062886
603972408 777062886
23375688 777062886
21447363 785889619
3286004797 785889619
34507480 785889619
23375688 785889619
23375688 794675360
103012173 79632621
21447363 79632621
34507480 79632621
23375688 79632621
103012173 870891288
1487613854 870891288
3286004797 870891288
722927307996794880 870891288
23375688 870891288
1487613854 875487103
192271429 875487103
34507480 875487103
403245020 875487103
522490258 875487103
715968341 875487103
23375688 875487103
443215941 88749392
55117855 88749392
104032156 90003905
28217003 90003905
34507480 90003905
403245020 90003905
436292177 90003905
463429217 90003905
23375688 90003905
1480917637 932960148
1487613854 932960148
218989500 932960148
2256819019 932960148
2473534651 932960148
289962559 932960148
3286004797 932960148
339297101 932960148
34507480 932960148
415705490 932960148
449067432 932960148
631028104 932960148
722927307996794880 932960148
23375688 932960148
34507480 961016988
372211203 961016988
23375688 961016988
